Reaction test v3
type	A+B+C
number	1000

max value	65536
unit	us

test	A	B	C
0	419	5635	10822
1	860	6068	11254
2	1023	6230	11413
3	663	5870	11053
4	498	5706	10889
5	205	5412	10597
6	918	6120	11304
7	548	5751	10935
8	515	5719	10903
9	83	5291	10473
10	525	5737	10917
11	651	5861	11049
12	545	5753	10937
13	206	5414	10594
14	155	5360	10540
15	635	5839	11023
16	1021	6216	11390
17	987	6192	11375
18	766	5968	11146
19	903	6101	11285
20	222	5428	10608
21	98	5299	10477
22	369	5571	10753
23	549	5748	10928
24	352	5558	10736
25	972	6175	11353
26	554	5758	10942
27	836	6040	11222
28	986	6192	11381
29	341	5547	10732
30	37	5243	10425
31	80	5286	10468
32	807	6011	11195
33	458	5668	10852
34	5213	10395	7
35	366	5575	10758
36	12	5219	10400
37	84	5294	10474
38	445	5653	10839
39	268	5480	10667
40	841	6057	11244
41	475	5683	10869
42	623	5833	11023
43	592	5806	10991
44	1032	6239	11422
45	160	5365	10548
46	183	5393	10579
47	729	5939	11124
48	892	6098	11282
49	722	5920	11104
50	10397	5	5211
51	375	5583	10770
52	984	6192	11377
53	15	5221	10405
54	305	5510	10699
55	42	5246	10426
56	731	5932	11110
57	410	5610	10790
58	525	5731	10913
59	674	5875	11055
60	8	5211	10393
61	209	5412	10594
62	382	5585	10763
63	978	6178	11364
64	525	5723	10909
65	937	6138	11316
66	354	5547	10719
67	751	5953	11133
68	86	5292	10478
69	241	5432	10604
70	196	5391	10566
71	950	6149	11329
72	464	5667	10849
73	395	5595	10771
74	434	5635	10815
75	573	5774	10955
76	400	5601	10779
77	641	5841	11025
78	88	5296	10487
79	113	5316	10498
80	301	5509	10695
81	628	5832	11016
82	794	6000	11184
83	215	5422	10605
84	483	5686	10868
85	584	5790	10970
86	792	6000	11186
87	865	6073	11261
88	457	5654	10834
89	121	5329	10511
90	271	5477	10663
91	262	5468	10652
92	519	5725	10905
93	395	5600	10783
94	18	5228	10416
95	259	5466	10646
96	426	5631	10816
97	376	5581	10764
98	1014	6218	11400
99	648	5854	11038
100	1004	6208	11388
101	795	5999	11181
102	76	5281	10461
103	556	5760	10942
104	856	6063	11246
105	993	6194	11378
106	421	5622	10800
107	611	5815	10999
108	543	5745	10929
109	914	6118	11302
110	449	5653	10841
111	479	5685	10871
112	736	5940	11130
113	5217	10403	9
114	916	6121	11306
115	240	5446	10633
116	149	5357	10537
117	196	5401	10581
118	27	5233	10417
119	632	5840	11022
120	955	6160	11340
121	406	5609	10791
122	968	6174	11347
123	826	6032	11214
124	967	6171	11353
125	601	5803	10982
126	631	5837	11019
127	674	5877	11055
128	164	5368	10548
129	841	6039	11219
130	644	5845	11021
131	618	5819	11001
132	238	5442	10620
133	1019	6214	11393
134	903	6104	11286
135	669	5875	11059
136	907	6111	11295
137	239	5440	10614
138	44	5239	10417
139	1017	6223	11407
140	528	5736	10918
141	60	5268	10455
142	837	6041	11225
143	769	5974	11156
144	723	5929	11111
145	960	6164	11346
146	99	5307	10493
147	121	5326	10509
148	387	5594	10776
149	796	6000	11182
150	712	5922	11106
151	882	6086	11268
152	292	5498	10680
153	88	5300	10487
154	628	5834	11016
155	632	5843	11029
156	94	5299	10481
157	665	5871	11053
158	974	6180	11364
159	772	5976	11158
160	950	6153	11336
161	121	5331	10515
162	399	5603	10787
163	643	5847	11031
164	180	5386	10566
165	464	5673	10862
166	352	5560	10745
167	599	5805	10989
168	784	5989	11171
169	1023	6228	11410
170	44	5258	10445
171	453	5659	10843
172	14	5222	10406
173	802	6012	11195
174	500	5706	10892
175	207	5419	10606
176	104	5308	10490
177	595	5802	10983
178	804	6014	11188
179	52	5258	10442
180	1018	6220	11402
181	34	5239	10421
182	728	5933	11122
183	607	5815	10998
184	217	5425	10608
185	929	6133	11319
186	763	5967	11151
187	504	5708	10892
188	495	5699	10886
189	400	5605	10790
190	286	5496	10682
191	472	5678	10862
192	969	6183	11372
193	615	5823	11012
194	275	5483	10670
195	575	5779	10965
196	337	5541	10723
197	1023	6228	11411
198	194	5397	10580
199	753	5957	11141
200	530	5734	10918
201	944	6148	11330
202	301	5511	10698
203	933	6141	11330
204	575	5781	10963
205	779	5985	11171
206	442	5646	10830
207	943	6149	11333
208	939	6143	11325
209	582	5787	10972
210	335	5536	10714
211	566	5770	10954
212	824	6027	11209
213	819	6023	11203
214	269	5473	10657
215	691	5897	11069
216	843	6048	11228
217	785	5982	11158
218	739	5946	11128
219	448	5650	10834
220	451	5657	10837
221	1025	6235	11419
222	344	5550	10732
223	308	5507	10689
224	563	5771	10953
225	892	6098	11280
226	468	5676	10860
227	108	5301	10473
228	683	5884	11064
229	254	5460	10642
230	843	6044	11226
231	739	5940	11120
232	205	5409	10591
233	131	5335	10517
234	826	6029	11210
235	290	5496	10676
236	468	5673	10853
237	140	5350	10532
238	147	5355	10535
239	292	5494	10676
240	396	5601	10781
241	156	5359	10541
242	849	6053	11233
243	35	5241	10421
244	772	5977	11158
245	629	5837	11017
246	532	5727	10899
247	742	5942	11124
248	273	5475	10657
249	125	5330	10510
250	348	5556	10738
251	187	5393	10577
252	67	5260	10432
253	352	5551	10727
254	219	5423	10603
255	830	6031	11213
256	922	6130	11312
257	695	5892	11074
258	23	5228	10413
259	701	5909	11091
260	886	6090	11274
261	247	5449	10629
262	862	6065	11247
263	447	5649	10831
264	785	5987	11171
265	462	5664	10846
266	931	6134	11314
267	658	5860	11038
268	264	5468	10652
269	344	5551	10734
270	736	5940	11120
271	727	5931	11111
272	24	5227	10407
273	914	6113	11289
274	528	5727	10911
275	513	5713	10893
276	703	5907	11089
277	118	5324	10504
278	564	5764	10944
279	341	5541	10723
280	12	5216	10400
281	35	5239	10416
282	314	5516	10721
283	102	5299	10475
284	412	5615	10793
285	327	5528	10704
286	845	6045	11222
287	760	5964	11152
288	995	6205	11385
289	5409	10615	15791
290	121	5329	10506
291	580	5784	10968
292	1477	6680	11863
293	370	5571	10751
294	912	6113	11293
295	763	5965	11145
296	20	5225	10405
297	25	5232	10412
298	427	5633	10811
299	410	5612	10796
300	794	6001	11182
301	646	5851	11033
302	172	5375	10564
303	704	5911	11091
304	60	5266	10452
305	16	5222	10404
306	1031	6233	11417
307	66	5274	10462
308	824	6028	11206
309	843	6043	11223
310	395	5605	10790
311	841	6047	11231
312	191	5397	10581
313	359	5561	10745
314	131	5341	10525
315	675	5875	11053
316	346	5550	10728
317	206	5408	10586
318	391	5591	10766
319	216	5415	10591
320	843	6043	11219
321	532	5732	10910
322	772	5970	11152
323	327	5529	10704
324	326	5526	10704
325	696	5899	11077
326	762	5965	11146
327	622	5819	10995
328	579	5777	10952
329	457	5647	10813
330	10376	3	5204
331	505	5710	10888
332	1017	6218	11396
333	1006	6207	11385
334	603	5802	10984
335	699	5896	11072
336	995	6191	11368
337	618	5815	10995
338	503	5704	10882
339	445	5644	10818
340	719	5920	11096
341	6	5213	10391
342	388	5586	10766
343	723	5926	11102
344	585	5781	10958
345	998	6186	11358
346	263	5464	10644
347	140	5341	10523
348	526	5725	10903
349	901	6102	11278
350	684	5881	11055
351	288	5487	10661
352	290	5490	10665
353	194	5395	10571
354	211	5411	10588
355	952	6151	11331
356	237	5436	10616
357	277	5483	10662
358	550	5749	10923
359	10379	6	5205
360	387	5588	10768
361	319	5518	10694
362	239	5438	10616
363	446	5645	10821
364	965	6167	11347
365	68	5269	10447
366	830	6037	11217
367	586	5789	10970
368	750	5950	11132
369	97	5299	10479
370	698	5901	11083
371	185	5388	10569
372	104	5304	10484
373	877	6077	11257
374	605	5805	10984
375	789	5991	11173
376	350	5552	10736
377	146	5348	10530
378	672	5878	11058
379	918	6118	11297
380	307	5509	10689
381	450	5650	10827
382	805	6006	11184
383	262	5465	10643
384	906	6107	11285
385	876	6079	11261
386	715	5916	11096
387	179	5380	10562
388	449	5652	10834
389	556	5755	10933
390	984	6186	11365
391	597	5799	10981
392	451	5652	10830
393	894	6095	11273
394	811	6012	11188
395	1029	6224	11398
396	535	5732	10905
397	771	5968	11148
398	905	6110	11286
399	81	5282	10460
400	594	5791	10965
401	599	5805	10982
402	832	6025	11201
403	646	5845	11021
404	436	5629	10798
405	624	5823	10999
406	1028	6229	11407
407	553	5752	10932
408	637	5836	11014
409	97	5299	10476
410	88	5281	10451
411	262	5457	10630
412	166	5363	10539
413	483	5688	10866
414	882	6081	11259
415	354	5560	10738
416	652	5851	11025
417	183	5385	10563
418	869	6072	11250
419	10384	5	5208
420	10378	4	5203
421	10393	5	5213
422	101	5303	10481
423	339	5543	10720
424	350	5549	10731
425	16	5218	10398
426	323	5524	10702
427	922	6117	11288
428	123	5317	10485
429	172	5374	10558
430	725	5925	11107
431	493	5691	10862
432	172	5370	10545
433	561	5758	10933
434	78	5278	10458
435	714	5903	11068
436	610	5802	10970
437	986	6186	11361
438	835	6036	11212
439	224	5427	10609
440	70	5271	10449
441	89	5291	10471
442	821	6021	11200
443	552	5755	10933
444	783	5986	11168
445	746	5950	11134
446	866	6070	11248
447	653	5858	11043
448	502	5702	10881
449	249	5452	10632
450	851	6052	11224
451	894	6094	11274
452	511	5717	10903
453	873	6070	11246
454	988	6185	11357
455	349	5548	10724
456	163	5365	10541
457	1027	6227	11400
458	839	6038	11216
459	462	5666	10841
460	849	6048	11224
461	354	5552	10729
462	470	5671	10849
463	175	5372	10545
464	606	5803	10985
465	445	5646	10822
466	882	6081	11257
467	869	6070	11244
468	693	5892	11070
469	710	5909	11087
470	91	5292	10470
471	761	5958	11134
472	18	5217	10397
473	480	5682	10860
474	809	6014	11192
475	509	5712	10886
476	693	5888	11061
477	228	5425	10601
478	91	5288	10463
479	164	5363	10541
480	584	5783	10961
481	571	5775	10952
482	3	5203	10381
483	941	6140	11318
484	459	5654	10834
485	946	6146	11324
486	5458	256	10638
487	626	5821	10997
488	494	5695	10876
489	213	5404	10569
490	986	6177	11344
491	62	5258	10435
492	175	5374	10550
493	440	5642	10818
494	868	6063	11239
495	892	6089	11267
496	929	6124	11299
497	61	5250	10417
498	154	5346	10513
499	533	5732	10910
500	59	5254	10430
501	919	6116	11291
502	268	5468	10645
503	85	5288	10466
504	365	5566	10742
505	128	5327	10509
506	15	5219	10399
507	982	6184	11366
508	110	5315	10496
509	436	5636	10818
510	693	5895	11073
511	489	5689	10871
512	766	5969	11149
513	788	5989	11167
514	566	5766	10950
515	743	5946	11128
516	342	5547	10731
517	408	5610	10787
518	980	6177	11358
519	1015	6219	11399
520	299	5500	10681
521	153	5355	10537
522	901	6104	11288
523	388	5594	10776
524	1014	6212	11390
525	46	5247	10427
526	466	5657	10832
527	702	5884	11043
528	359	5544	10704
529	502	5695	10862
530	965	6167	11344
531	698	5901	11077
532	957	6158	11340
533	55	5267	10447
534	931	6128	11308
535	447	5648	10829
536	429	5627	10805
537	901	6099	11278
538	993	6200	11380
539	796	5997	11175
540	162	5365	10541
541	781	5983	11163
542	704	5905	11083
543	712	5910	11088
544	339	5540	10718
545	558	5761	10946
546	144	5343	10525
547	123	5330	10510
548	856	6055	11233
549	963	6162	11342
550	1001	6200	11383
551	123	5326	10508
552	457	5660	10840
553	372	5575	10755
554	498	5697	10873
555	126	5331	10507
556	805	6004	11184
557	550	5749	10935
558	888	6092	11270
559	155	5358	10534
560	324	5526	10704
561	515	5714	10895
562	38	5235	10413
563	27	5226	10400
564	948	6147	11329
565	766	5967	11147
566	322	5523	10697
567	425	5614	10783
568	824	6027	11203
569	592	5796	10974
570	711	5910	11090
571	89	5289	10468
572	164	5363	10541
573	1007	6211	11391
574	646	5845	11023
575	248	5449	10620
576	736	5925	11100
577	530	5733	10913
578	16	5219	10400
579	54	5260	10440
580	836	6038	11216
581	329	5530	10706
582	411	5608	10786
583	351	5546	10723
584	326	5528	10706
585	425	5626	10802
586	758	5961	11139
587	172	5372	10550
588	54	5258	10434
589	378	5581	10761
590	633	5833	11013
591	132	5333	10515
592	185	5376	10548
593	892	6095	11277
594	600	5804	10982
595	329	5532	10714
596	580	5785	10963
597	142	5343	10523
598	331	5534	10714
599	862	6062	11240
600	941	6136	11316
601	5204	10378	9
602	939	6138	11312
603	511	5714	10894
604	506	5703	10879
605	1019	6220	11400
606	63	5260	10438
607	751	5954	11135
608	558	5755	10931
609	76	5276	10454
610	76	5278	10458
611	175	5380	10561
612	177	5379	10558
613	308	5514	10693
614	613	5817	10997
615	486	5685	10871
616	661	5861	11041
617	191	5391	10567
618	543	5744	10924
619	851	6049	11228
620	912	6113	11293
621	258	5461	10641
622	616	5817	10997
623	451	5652	10830
624	29	5237	10417
625	687	5893	11077
626	712	5908	11087
627	871	6077	11263
628	176	5380	10558
629	706	5909	11091
630	271	5472	10652
631	517	5723	10903
632	644	5848	11026
633	228	5429	10611
634	936	6137	11317
635	187	5388	10568
636	688	5892	11074
637	636	5839	11019
638	104	5306	10490
639	307	5510	10688
640	378	5575	10749
641	350	5556	10744
642	320	5526	10710
643	210	5416	10600
644	220	5425	10609
645	864	6070	11257
646	345	5545	10721
647	536	5736	10916
648	929	6130	11310
649	174	5378	10558
650	1133	6336	11516
651	985	6188	11372
652	889	6094	11272
653	663	5861	11034
654	299	5500	10676
655	193	5395	10573
656	706	5905	11083
657	989	6192	11374
658	5295	94	10475
659	569	5768	10946
660	981	6180	11354
661	669	5870	11051
662	150	5360	10545
663	449	5650	10832
664	1010	6216	11402
665	498	5700	10880
666	583	5787	10969
667	933	6125	11301
668	211	5412	10590
669	168	5372	10550
670	746	5950	11130
671	859	6064	11248
672	488	5689	10867
673	675	5879	11063
674	926	6132	11314
675	832	6038	11216
676	196	5395	10575
677	423	5622	10798
678	620	5819	10995
679	10382	3	5204
680	18	5221	10401
681	318	5521	10699
682	232	5438	10618
683	125	5324	10502
684	512	5714	10894
685	224	5427	10605
686	42	5243	10423
687	579	5778	10956
688	929	6133	11311
689	976	6176	11345
690	5210	10390	9
691	557	5757	10933
692	641	5841	11018
693	525	5725	10905
694	509	5708	10886
695	694	5893	11069
696	982	6184	11361
697	551	5750	10928
698	243	5449	10627
699	795	5995	11173
700	511	5706	10875
701	128	5331	10513
702	779	5980	11160
703	974	6177	11357
704	250	5454	10636
705	699	5901	11079
706	346	5552	10732
707	129	5331	10511
708	1022	6226	11406
709	668	5869	11047
710	1026	6229	11409
711	350	5556	10740
712	196	5400	10582
713	440	5648	10828
714	67	5269	10449
715	747	5948	11130
716	342	5545	10712
717	960	6164	11340
718	444	5643	10812
719	406	5608	10790
720	483	5688	10868
721	547	5748	10926
722	567	5770	10952
723	211	5412	10594
724	541	5745	10925
725	10386	5	5208
726	196	5400	10584
727	185	5389	10575
728	426	5627	10807
729	565	5770	10950
730	395	5597	10777
731	276	5479	10659
732	241	5442	10620
733	1028	6229	11411
734	52	5253	10431
735	500	5701	10882
736	910	6111	11291
737	226	5427	10607
738	950	6152	11329
739	770	5970	11148
740	331	5524	10699
741	899	6101	11283
742	770	5973	11153
743	610	5811	10991
744	783	5984	11168
745	428	5631	10809
746	754	5957	11137
747	187	5391	10573
748	177	5383	10565
749	149	5361	10543
750	54	5256	10434
751	982	6183	11365
752	856	6056	11235
753	867	6070	11250
754	760	5963	11141
755	316	5517	10695
756	97	5296	10472
757	153	5356	10532
758	712	5911	11085
759	897	6094	11268
760	125	5322	10496
761	419	5616	10790
762	180	5376	10553
763	142	5341	10517
764	75	5270	10446
765	806	6001	11175
766	635	5832	11010
767	288	5486	10665
768	820	6019	11194
769	166	5364	10541
770	110	5315	10496
771	603	5802	10978
772	417	5618	10798
773	816	6019	11199
774	917	6115	11293
775	485	5684	10864
776	27	5229	10408
777	971	6169	11349
778	908	6111	11291
779	865	6064	11242
780	897	6098	11276
781	89	5292	10470
782	10551	170	5372
783	322	5526	10706
784	298	5496	10674
785	217	5418	10601
786	491	5699	10884
787	406	5609	10789
788	788	5991	11171
789	693	5896	11076
790	905	6107	11283
791	386	5590	10768
792	623	5824	11004
793	757	5958	11141
794	640	5841	11019
795	548	5751	10931
796	838	6040	11218
797	827	6027	11207
798	528	5723	10894
799	450	5643	10817
800	970	6171	11351
801	123	5324	10506
802	238	5438	10616
803	817	6018	11196
804	517	5719	10898
805	860	6059	11239
806	955	6158	11336
807	611	5813	10993
808	967	6168	11351
809	958	6164	11349
810	640	5846	11030
811	562	5766	10950
812	999	6200	11380
813	768	5973	11151
814	648	5851	11033
815	173	5378	10563
816	1027	6229	11409
817	750	5952	11130
818	817	6015	11195
819	544	5745	10919
820	971	6171	11349
821	44	5243	10412
822	117	5318	10494
823	725	5927	11111
824	911	6113	11299
825	954	6154	11334
826	361	5563	10743
827	766	5966	11148
828	387	5588	10770
829	708	5912	11092
830	453	5654	10832
831	507	5706	10882
832	699	5903	11083
833	605	5809	10989
834	181	5384	10566
835	999	6203	11387
836	655	5862	11042
837	491	5691	10871
838	108	5310	10488
839	547	5748	10926
840	957	6162	11343
841	429	5629	10809
842	946	6148	11328
843	228	5430	10608
844	284	5489	10669
845	631	5834	11016
846	826	6025	11203
847	318	5523	10705
848	935	6138	11316
849	996	6190	11362
850	967	6164	11336
851	279	5487	10667
852	175	5383	10565
853	73	5281	10463
854	494	5696	10874
855	331	5533	10715
856	492	5695	10880
857	702	5906	11090
858	997	6199	11381
859	684	5879	11051
860	82	5273	10447
861	359	5561	10743
862	941	6140	11314
863	47	5247	10423
864	695	5892	11066
865	374	5569	10751
866	5630	437	10808
867	809	6006	11180
868	919	6118	11298
869	136	5337	10515
870	591	5792	10966
871	157	5353	10528
872	114	5313	10489
873	773	5976	11156
874	57	5258	10438
875	448	5646	10825
876	583	5787	10969
877	802	6006	11184
878	869	6068	11246
879	399	5592	10766
880	553	5755	10935
881	260	5467	10650
882	598	5798	10978
883	468	5674	10856
884	836	6037	11217
885	174	5373	10551
886	119	5318	10496
887	14	5219	10402
888	5215	10397	9
889	15	5219	10401
890	579	5776	10956
891	750	5960	11149
892	52	5258	10442
893	113	5318	10499
894	956	6156	11336
895	275	5481	10663
896	783	5988	11168
897	592	5794	10974
898	751	5955	11135
899	5200	10370	6
900	177	5374	10559
901	353	5558	10742
902	485	5689	10871
903	282	5487	10674
904	802	6008	11192
905	466	5670	10854
906	686	5892	11077
907	185	5393	10577
908	528	5732	10912
909	640	5848	11034
910	578	5785	10970
911	913	6113	11301
912	779	5983	11163
913	884	6090	11274
914	381	5584	10766
915	583	5789	10971
916	90	5296	10478
917	9	5211	10391
918	1019	6223	11407
919	873	6075	11257
920	52	5254	10434
921	633	5834	11014
922	781	5982	11164
923	164	5364	10541
924	459	5659	10841
925	580	5786	10966
926	134	5333	10513
927	205	5412	10590
928	234	5434	10614
929	219	5423	10603
930	305	5506	10684
931	372	5582	10764
932	1030	6233	11413
933	545	5740	10912
934	213	5416	10600
935	460	5665	10845
936	5207	10385	5
937	247	5450	10628
938	760	5966	11148
939	251	5455	10637
940	125	5330	10511
941	922	6127	11312
942	58	5268	10450
943	858	6066	11250
944	387	5586	10762
945	231	5432	10612
946	298	5498	10677
947	396	5593	10770
948	888	6088	11264
949	31	5228	10406
950	912	6114	11289
951	88	5288	10466
952	338	5537	10717
953	768	5965	11145
954	879	6079	11259
955	194	5393	10573
956	580	5773	10951
957	485	5684	10862
958	734	5937	11113
959	5	5206	10384
960	770	5973	11149
961	306	5505	10683
962	399	5600	10776
963	777	5979	11158
964	819	6019	11197
965	575	5779	10957
966	760	5963	11143
967	307	5505	10682
968	81	5282	10456
969	976	6171	11346
970	408	5601	10777
971	944	6145	11323
972	185	5384	10560
973	57	5254	10438
974	298	5487	10654
975	70	5258	10425
976	119	5308	10475
977	674	5869	11036
978	847	6042	11209
979	892	6085	11255
980	725	5920	11096
981	384	5584	10764
982	87	5292	10472
983	235	5439	10621
984	504	5710	10894
985	535	5738	10920
986	10386	9	5210
987	708	5911	11091
988	682	5882	11060
989	31	5233	10413
990	382	5587	10767
991	235	5436	10614
992	500	5699	10877
993	56	5262	10446
994	415	5616	10794
995	802	5999	11175
996	239	5427	10595
997	888	6086	11263
998	991	6186	11362
999	707	5903	11080
