Reaction test v3
type	A+B+C
number	1000

max value	65536
unit	us

test	A	B	C
0	294	5504	10686
1	940	6154	11351
2	315	5532	10725
3	856	6068	11259
4	830	6040	11233
5	644	5854	11042
6	1018	6226	11411
7	12	5224	10417
8	299	5511	10704
9	881	6089	11271
10	515	5704	10873
11	841	6038	11214
12	832	6031	11209
13	744	5954	11149
14	449	5659	10852
15	312	5528	10723
16	267	5479	10667
17	352	5560	10749
18	10399	3	5213
19	562	5772	10958
20	391	5605	10795
21	745	5959	11156
22	526	5740	10931
23	350	5570	10765
24	300	5513	10707
25	925	6141	11340
26	817	6031	11224
27	217	5429	10627
28	636	5850	11041
29	631	5843	11034
30	1017	6233	11430
31	917	6130	11320
32	6	5214	10396
33	399	5609	10800
34	883	6102	11299
35	93	5305	10500
36	965	6183	11378
37	858	6077	11268
38	723	5916	11085
39	663	5864	11038
40	710	5915	11095
41	817	6014	11188
42	306	5505	10681
43	829	6021	11188
44	150	5348	10528
45	130	5318	10485
46	115	5312	10488
47	676	5867	11045
48	503	5698	10871
49	264	5461	10633
50	421	5614	10788
51	42	5241	10419
52	730	5929	11105
53	421	5624	10802
54	536	5735	10913
55	592	5790	10968
56	900	6100	11277
57	218	5419	10597
58	467	5669	10849
59	477	5678	10854
60	187	5382	10550
61	825	6031	11213
62	269	5468	10644
63	406	5603	10779
64	44	5239	10412
65	376	5571	10744
66	299	5498	10674
67	537	5730	10903
68	567	5758	10929
69	363	5558	10725
70	890	6085	11257
71	434	5631	10809
72	627	5821	10993
73	912	6103	11278
74	983	6178	11355
75	616	5814	10987
76	56	5253	10423
77	521	5714	10883
78	950	6135	11300
79	548	5742	10912
80	5208	10382	5
81	543	5740	10915
82	783	5978	11155
83	666	5865	11040
84	560	5755	10932
85	744	5935	11110
86	625	5818	10989
87	969	6168	11340
88	693	5890	11062
89	744	5939	11115
90	918	6113	11288
91	504	5701	10877
92	9	5204	10378
93	485	5680	10854
94	170	5367	10543
95	350	5547	10721
96	745	5946	11120
97	539	5734	10905
98	747	5940	11116
99	186	5383	10560
100	396	5591	10770
101	498	5699	10877
102	852	6049	11223
103	492	5691	10871
104	738	5939	11123
105	756	5957	11139
106	356	5558	10735
107	121	5320	10496
108	99	5297	10474
109	736	5933	11109
110	498	5695	10871
111	744	5941	11115
112	804	6003	11185
113	72	5269	10447
114	159	5359	10535
115	974	6171	11345
116	133	5330	10510
117	403	5600	10778
118	1032	6229	11411
119	318	5515	10697
120	828	6024	11201
121	256	5455	10631
122	224	5423	10597
123	324	5526	10710
124	554	5755	10933
125	616	5814	10991
126	481	5676	10850
127	586	5786	10963
128	501	5700	10876
129	952	6150	11328
130	330	5532	10708
131	63	5250	10413
132	474	5676	10850
133	395	5592	10773
134	639	5832	11005
135	438	5635	10802
136	453	5652	10826
137	32	5232	10412
138	911	6109	11286
139	760	5959	11133
140	354	5553	10727
141	965	6160	11338
142	567	5764	10942
143	31	5230	10404
144	654	5852	11031
145	271	5470	10648
146	1029	6225	11402
147	961	6156	11332
148	923	6120	11296
149	146	5343	10517
150	684	5882	11061
151	256	5454	10629
152	815	6012	11186
153	1000	6195	11368
154	74	5277	10453
155	69	5266	10442
156	541	5736	10911
157	777	5974	11143
158	103	5303	10481
159	935	6133	11310
160	262	5451	10618
161	164	5361	10539
162	643	5842	11016
163	252	5447	10620
164	603	5803	10985
165	267	5466	10646
166	215	5415	10595
167	519	5717	10896
168	50	5252	10438
169	997	6200	11380
170	783	5982	11164
171	886	6085	11265
172	589	5788	10964
173	281	5483	10665
174	1036	6233	11408
175	650	5851	11033
176	166	5366	10546
177	80	5280	10460
178	235	5440	10621
179	789	5984	11160
180	535	5736	10916
181	913	6111	11289
182	1012	6205	11380
183	944	6143	11317
184	195	5397	10572
185	196	5398	10578
186	721	5918	11094
187	595	5792	10966
188	382	5571	10750
189	835	6030	11206
190	145	5342	10519
191	946	6149	11325
192	462	5661	10839
193	432	5631	10809
194	678	5876	11054
195	228	5426	10603
196	696	5891	11073
197	1010	6208	11385
198	967	6162	11338
199	867	6062	11237
200	8	5211	10394
201	836	6034	11211
202	69	5266	10444
203	867	6064	11241
204	839	6038	11216
205	513	5708	10883
206	619	5816	10993
207	888	6085	11262
208	281	5476	10650
209	925	6120	11299
210	562	5758	10937
211	457	5652	10828
212	44	5243	10415
213	988	6183	11361
214	376	5575	10748
215	920	6109	11276
216	348	5543	10716
217	82	5277	10442
218	1027	6226	11402
219	387	5584	10759
220	1033	6231	11402
221	44	5231	10406
222	127	5320	10495
223	357	5556	10728
224	35	5232	10408
225	725	5922	11096
226	53	5252	10426
227	839	6036	11208
228	663	5854	11027
229	1012	6205	11377
230	309	5504	10676
231	400	5592	10764
232	629	5824	11002
233	465	5658	10832
234	567	5762	10935
235	710	5907	11079
236	269	5466	10640
237	599	5792	10965
238	258	5451	10623
239	371	5562	10740
240	550	5749	10925
241	853	6046	11218
242	293	5494	10670
243	282	5479	10655
244	85	5280	10457
245	723	5916	11089
246	61	5254	10430
247	283	5480	10654
248	875	6070	11242
249	805	6000	11175
250	833	6027	11201
251	470	5667	10845
252	98	5295	10468
253	813	6008	11180
254	476	5669	10840
255	389	5582	10756
256	659	5856	11031
257	455	5648	10821
258	914	6113	11287
259	23	5218	10395
260	465	5658	10832
261	611	5808	10975
262	7	5204	10385
263	605	5802	10978
264	830	6030	11207
265	519	5725	10909
266	27	5228	10406
267	867	6064	11240
268	1031	6231	11411
269	976	6177	11359
270	926	6128	11312
271	136	5341	10521
272	712	5913	11089
273	151	5350	10528
274	233	5425	10595
275	300	5495	10669
276	494	5691	10869
277	97	5297	10479
278	784	5983	11163
279	597	5798	10978
280	748	5950	11130
281	931	6130	11310
282	933	6130	11310
283	284	5488	10668
284	198	5396	10578
285	372	5575	10755
286	734	5937	11117
287	485	5674	10843
288	91	5284	10457
289	329	5532	10712
290	303	5501	10687
291	5206	10382	9
292	868	6068	11246
293	958	6157	11337
294	373	5573	10757
295	794	5993	11169
296	839	6036	11216
297	807	6006	11182
298	446	5645	10819
299	852	6053	11235
300	892	6093	11271
301	922	6122	11299
302	976	6175	11355
303	376	5573	10751
304	178	5377	10560
305	219	5418	10594
306	937	6132	11306
307	82	5280	10459
308	577	5774	10952
309	659	5858	11039
310	909	6112	11288
311	194	5395	10577
312	755	5946	11115
313	618	5815	10992
314	136	5337	10515
315	688	5887	11070
316	87	5289	10466
317	1006	6207	11383
318	12	5215	10397
319	561	5764	10946
320	215	5419	10603
321	35	5228	10406
322	175	5378	10556
323	411	5612	10792
324	406	5605	10789
325	999	6196	11374
326	636	5831	11010
327	698	5895	11072
328	907	6104	11280
329	539	5742	10922
330	41	5241	10419
331	652	5849	11029
332	834	6030	11209
333	873	6076	11258
334	811	6016	11196
335	10387	5	5209
336	429	5635	10817
337	670	5861	11038
338	291	5492	10672
339	537	5732	10909
340	862	6057	11230
341	378	5573	10749
342	78	5273	10447
343	327	5524	10697
344	985	6184	11366
345	480	5678	10853
346	198	5393	10568
347	262	5457	10632
348	88	5281	10455
349	663	5856	11030
350	507	5704	10877
351	86	5281	10453
352	622	5819	10999
353	505	5702	10878
354	10380	5	5205
355	185	5384	10562
356	876	6075	11253
357	390	5590	10766
358	607	5808	10984
359	977	6173	11352
360	284	5487	10665
361	346	5541	10718
362	910	6103	11272
363	95	5299	10483
364	646	5847	11025
365	400	5599	10775
366	549	5748	10924
367	291	5490	10672
368	970	6164	11330
369	394	5593	10773
370	65	5265	10445
371	402	5601	10781
372	53	5256	10438
373	546	5745	10921
374	945	6143	11323
375	476	5676	10853
376	196	5397	10573
377	815	6018	11196
378	781	5978	11156
379	881	6081	11259
380	123	5322	10500
381	680	5879	11053
382	570	5770	10946
383	959	6158	11333
384	157	5350	10528
385	708	5909	11085
386	80	5279	10459
387	637	5837	11016
388	368	5567	10743
389	104	5305	10483
390	269	5470	10646
391	305	5504	10680
392	732	5933	11111
393	989	6189	11368
394	444	5645	10821
395	991	6186	11360
396	777	5980	11156
397	955	6158	11334
398	921	6111	11285
399	365	5562	10738
400	642	5841	11017
401	984	6185	11366
402	365	5566	10740
403	166	5365	10539
404	479	5680	10856
405	688	5884	11059
406	584	5781	10955
407	828	6025	11201
408	684	5877	11046
409	618	5815	10993
410	284	5486	10668
411	213	5414	10594
412	708	5907	11085
413	326	5525	10703
414	234	5433	10609
415	367	5566	10752
416	55	5254	10428
417	5198	10371	3
418	402	5595	10773
419	718	5913	11085
420	515	5714	10886
421	588	5787	10967
422	988	6183	11359
423	172	5367	10543
424	382	5581	10757
425	914	6113	11291
426	513	5715	10895
427	590	5787	10965
428	989	6191	11362
429	310	5501	10683
430	398	5599	10779
431	334	5541	10726
432	509	5713	10897
433	943	6141	11321
434	665	5860	11036
435	839	6049	11229
436	731	5931	11108
437	120	5322	10500
438	865	6064	11240
439	588	5788	10959
440	269	5470	10646
441	459	5658	10836
442	1008	6211	11387
443	363	5565	10745
444	44	5247	10427
445	233	5424	10591
446	583	5776	10945
447	158	5355	10532
448	849	6051	11227
449	918	6121	11304
450	708	5911	11089
451	804	6004	11183
452	38	5228	10400
453	1024	6214	11381
454	166	5357	10526
455	700	5893	11064
456	845	6043	11221
457	570	5774	10950
458	240	5436	10615
459	121	5320	10498
460	601	5802	10982
461	174	5374	10550
462	920	6119	11301
463	699	5898	11072
464	625	5824	11002
465	353	5554	10736
466	13	5210	10386
467	558	5757	10931
468	693	5892	11068
469	86	5283	10457
470	187	5384	10556
471	405	5600	10774
472	494	5695	10871
473	286	5470	10637
474	134	5327	10499
475	766	5961	11135
476	129	5327	10505
477	800	5997	11173
478	1019	6218	11394
479	410	5611	10789
480	421	5619	10798
481	80	5278	10458
482	48	5245	10421
483	100	5301	10475
484	350	5545	10721
485	72	5273	10451
486	458	5659	10835
487	703	5898	11076
488	498	5695	10879
489	972	6174	11353
490	219	5418	10594
491	826	6030	11212
492	867	6068	11246
493	403	5602	10780
494	726	5923	11101
495	495	5693	10875
496	496	5694	10873
497	865	6060	11233
498	466	5663	10836
499	933	6128	11300
500	612	5803	10978
501	955	6154	11330
502	136	5335	10508
503	29	5223	10397
504	544	5743	10918
505	290	5487	10662
506	631	5824	10999
507	455	5648	10822
508	103	5298	10472
509	282	5479	10653
510	369	5562	10734
511	346	5543	10718
512	181	5378	10556
513	95	5290	10467
514	1010	6213	11393
515	834	6032	11209
516	83	5286	10468
517	861	6060	11236
518	310	5505	10679
519	879	6074	11248
520	10371	9	5200
521	414	5609	10780
522	491	5688	10858
523	994	6191	11364
524	725	5918	11089
525	250	5449	10627
526	993	6190	11364
527	791	5982	11155
528	1019	6214	11388
529	1010	6207	11379
530	116	5315	10489
531	307	5505	10680
532	326	5519	10695
533	732	5929	11102
534	448	5645	10817
535	505	5706	10882
536	835	6032	11209
537	653	5848	11023
538	66	5261	10436
539	259	5454	10627
540	944	6139	11312
541	264	5461	10637
542	402	5590	10755
543	12	5207	10379
544	747	5939	11111
545	805	6004	11175
546	774	5967	11139
547	125	5320	10493
548	106	5305	10477
549	192	5386	10556
550	234	5431	10605
551	202	5397	10571
552	73	5270	10444
553	141	5340	10516
554	52	5251	10429
555	13	5210	10386
556	607	5805	10982
557	84	5286	10465
558	288	5491	10671
559	29	5232	10412
560	371	5573	10755
561	312	5511	10687
562	128	5327	10503
563	268	5466	10643
564	770	5969	11149
565	307	5506	10684
566	52	5250	10427
567	553	5752	10928
568	311	5508	10684
569	427	5630	10806
570	961	6162	11338
571	887	6087	11267
572	595	5798	10976
573	765	5965	11145
574	908	6107	11285
575	414	5614	10791
576	13	5210	10384
577	841	6036	11203
578	885	6080	11254
579	987	6188	11368
580	84	5282	10459
581	131	5331	10508
582	612	5807	10978
583	277	5474	10650
584	473	5667	10843
585	746	5941	11115
586	796	5991	11168
587	693	5895	11075
588	434	5635	10811
589	1027	6229	11407
590	882	6079	11257
591	864	6062	11239
592	717	5914	11094
593	569	5772	10948
594	969	6167	11345
595	402	5601	10772
596	708	5903	11077
597	609	5807	10982
598	278	5477	10655
599	766	5963	11147
600	91	5286	10462
601	792	5989	11162
602	489	5684	10854
603	229	5423	10597
604	567	5766	10942
605	442	5637	10811
606	828	6023	11193
607	243	5434	10608
608	26	5223	10395
609	273	5468	10643
610	616	5811	10983
611	777	5972	11147
612	112	5305	10479
613	256	5451	10621
614	787	5982	11154
615	667	5860	11032
616	505	5702	10880
617	18	5214	10389
618	160	5357	10530
619	200	5400	10577
620	821	6020	11198
621	860	6053	11229
622	951	6143	11311
623	486	5691	10876
624	653	5854	11034
625	59	5261	10441
626	797	5999	11183
627	228	5427	10609
628	475	5676	10856
629	147	5346	10530
630	749	5950	11130
631	338	5539	10715
632	33	5231	10409
633	561	5747	10914
634	791	5988	11162
635	324	5522	10693
636	967	6162	11342
637	845	6041	11216
638	24	5213	10380
639	878	6079	11255
640	237	5438	10620
641	697	5897	11077
642	896	6098	11278
643	10390	9	5213
644	907	6107	11291
645	507	5706	10884
646	603	5800	10967
647	228	5428	10606
648	978	6176	11358
649	331	5532	10706
650	488	5687	10863
651	286	5490	10668
652	459	5665	10845
653	580	5785	10970
654	749	5946	11122
655	573	5770	10944
656	143	5340	10516
657	479	5676	10854
658	106	5303	10480
659	326	5523	10703
660	97	5296	10474
661	676	5873	11049
662	461	5665	10847
663	744	5942	11121
664	717	5918	11096
665	901	6104	11286
666	57	5256	10430
667	714	5914	11092
668	372	5569	10747
669	52	5251	10427
670	206	5405	10579
671	1014	6209	11385
672	751	5948	11124
673	661	5858	11034
674	755	5957	11133
675	847	6051	11229
676	887	6087	11265
677	167	5363	10543
678	5200	10372	6
679	723	5919	11099
680	192	5387	10561
681	254	5451	10627
682	541	5738	10913
683	502	5699	10875
684	97	5296	10474
685	284	5477	10651
686	361	5556	10732
687	276	5470	10644
688	524	5719	10897
689	355	5552	10732
690	442	5644	10826
691	483	5680	10858
692	348	5550	10734
693	929	6128	11306
694	458	5655	10833
695	551	5749	10926
696	138	5337	10513
697	252	5451	10629
698	262	5461	10637
699	712	5910	11087
700	96	5286	10456
701	363	5563	10743
702	629	5828	11004
703	611	5809	10988
704	89	5293	10473
705	933	6132	11308
706	271	5468	10642
707	267	5454	10629
708	48	5247	10421
709	384	5581	10757
710	659	5856	11029
711	513	5715	10895
712	781	5980	11156
713	703	5896	11072
714	674	5869	11045
715	858	6059	11237
716	861	6062	11240
717	233	5436	10616
718	162	5363	10543
719	242	5444	10624
720	404	5601	10777
721	93	5289	10469
722	466	5665	10841
723	496	5695	10871
724	494	5693	10871
725	663	5860	11033
726	781	5976	11149
727	3	5200	10378
728	740	5935	11106
729	395	5590	10762
730	248	5443	10618
731	125	5323	10496
732	323	5518	10691
733	917	6113	11290
734	788	5989	11165
735	187	5386	10562
736	991	6179	11349
737	349	5541	10709
738	1020	6209	11382
739	299	5502	10678
740	924	6125	11305
741	44	5243	10419
742	429	5629	10807
743	129	5322	10492
744	805	6002	11178
745	556	5753	10931
746	861	6058	11236
747	421	5616	10794
748	616	5815	10997
749	798	5998	11177
750	696	5899	11081
751	330	5528	10708
752	509	5713	10895
753	462	5665	10845
754	928	6128	11310
755	875	6075	11255
756	781	5982	11164
757	411	5614	10794
758	449	5652	10832
759	401	5602	10782
760	335	5535	10713
761	33	5232	10410
762	209	5396	10563
763	237	5430	10601
764	226	5406	10567
765	386	5577	10744
766	115	5319	10499
767	89	5282	10456
768	743	5942	11120
769	485	5683	10863
770	879	6075	11252
771	565	5764	10938
772	941	6139	11318
773	472	5676	10856
774	965	6164	11340
775	918	6113	11287
776	170	5363	10543
777	307	5508	10686
778	21	5222	10404
779	749	5953	11132
780	776	5975	11157
781	339	5538	10716
782	999	6196	11374
783	262	5463	10641
784	922	6126	11306
785	800	6002	11182
786	427	5627	10804
787	418	5618	10798
788	241	5446	10626
789	166	5365	10545
790	914	6113	11291
791	710	5907	11078
792	393	5589	10764
793	960	6157	11333
794	200	5403	10583
795	97	5301	10483
796	921	6128	11309
797	927	6129	11309
798	226	5427	10607
799	1016	6216	11396
800	63	5266	10450
801	298	5502	10682
802	694	5886	11062
803	809	6010	11186
804	513	5715	10893
805	515	5716	10896
806	333	5531	10709
807	879	6080	11258
808	1031	6233	11412
809	839	6038	11216
810	772	5975	11153
811	243	5444	10626
812	419	5627	10807
813	219	5418	10596
814	234	5434	10612
815	978	6178	11362
816	706	5903	11081
817	1032	6231	11413
818	485	5690	10868
819	446	5641	10819
820	237	5440	10624
821	1031	6241	11422
822	678	5877	11053
823	61	5260	10436
824	292	5487	10654
825	723	5925	11107
826	682	5872	11042
827	335	5530	10708
828	1002	6197	11372
829	110	5307	10483
830	1001	6199	11377
831	90	5283	10459
832	726	5923	11096
833	417	5616	10790
834	157	5354	10532
835	511	5708	10882
836	161	5358	10534
837	984	6177	11352
838	395	5594	10768
839	10380	8	5209
840	588	5785	10960
841	843	6038	11212
842	91	5291	10466
843	991	6190	11362
844	303	5500	10680
845	987	6186	11362
846	530	5728	10905
847	916	6113	11291
848	117	5318	10500
849	7	5210	10392
850	78	5281	10461
851	254	5459	10641
852	494	5695	10873
853	736	5934	11113
854	541	5740	10922
855	927	6128	11313
856	344	5546	10726
857	322	5524	10704
858	1038	6240	11422
859	841	6034	11206
860	143	5333	10505
861	991	6194	11374
862	657	5856	11032
863	803	6002	11182
864	357	5560	10740
865	78	5277	10461
866	359	5558	10736
867	223	5422	10598
868	553	5755	10930
869	151	5348	10524
870	385	5579	10755
871	61	5258	10432
872	755	5954	11130
873	155	5357	10541
874	972	6169	11347
875	383	5586	10770
876	498	5697	10871
877	710	5901	11068
878	140	5329	10498
879	485	5684	10862
880	485	5682	10856
881	275	5474	10654
882	603	5798	10976
883	432	5631	10807
884	44	5237	10419
885	244	5445	10621
886	36	5228	10406
887	579	5779	10957
888	814	6015	11193
889	854	6055	11235
890	914	6118	11296
891	976	6177	11351
892	813	6014	11190
893	945	6140	11316
894	417	5614	10796
895	247	5442	10620
896	340	5539	10719
897	678	5877	11053
898	166	5357	10528
899	704	5895	11070
900	748	5944	11121
901	215	5412	10586
902	429	5626	10802
903	397	5592	10768
904	87	5288	10464
905	746	5943	11117
906	179	5370	10552
907	62	5260	10437
908	635	5830	11006
909	331	5533	10708
910	52	5247	10419
911	624	5821	10997
912	885	6081	11263
913	1032	6227	11404
914	196	5391	10569
915	811	6012	11186
916	76	5277	10453
917	616	5819	10995
918	31	5233	10408
919	453	5650	10822
920	259	5458	10634
921	944	6141	11317
922	511	5708	10884
923	631	5828	11005
924	192	5391	10567
925	188	5383	10558
926	734	5937	11113
927	712	5911	11087
928	663	5866	11042
929	508	5705	10887
930	971	6168	11346
931	112	5311	10489
932	566	5768	10948
933	63	5269	10449
934	948	6149	11329
935	386	5583	10759
936	254	5451	10627
937	161	5360	10538
938	534	5737	10915
939	781	5978	11160
940	751	5943	11115
941	386	5586	10762
942	716	5914	11092
943	581	5777	10952
944	834	6031	11209
945	446	5644	10821
946	683	5880	11057
947	854	6053	11229
948	985	6184	11362
949	320	5517	10691
950	850	6039	11214
951	646	5847	11027
952	86	5283	10461
953	137	5335	10512
954	287	5483	10658
955	824	6017	11188
956	873	6068	11246
957	363	5558	10731
958	307	5500	10672
959	772	5963	11130
960	170	5365	10538
961	574	5768	10942
962	869	6071	11246
963	220	5415	10590
964	296	5493	10673
965	399	5596	10772
966	978	6175	11349
967	48	5246	10421
968	1019	6214	11388
969	406	5596	10774
970	137	5339	10515
971	452	5652	10827
972	378	5581	10757
973	1017	6218	11392
974	822	6021	11197
975	175	5376	10560
976	24	5221	10401
977	689	5890	11070
978	993	6192	11364
979	191	5386	10560
980	153	5354	10532
981	74	5275	10453
982	999	6196	11378
983	978	6177	11357
984	590	5789	10965
985	490	5689	10863
986	509	5706	10880
987	931	6126	11302
988	563	5757	10931
989	303	5497	10669
990	322	5519	10697
991	171	5372	10548
992	975	6173	11350
993	893	6094	11274
994	376	5575	10751
995	53	5250	10428
996	487	5687	10863
997	455	5652	10830
998	959	6158	11336
999	270	5468	10646
