Reaction test v3
type	A+B+C
number	1000

max value	65536
unit	us

test	A	B	C
0	5205	10385	8
1	10376	4	5203
2	10376	7	5202
3	10374	7	5204
4	10378	9	5207
5	5	5211	10385
6	5204	10378	9
7	3	5204	10380
8	10378	7	5202
9	10383	3	5203
10	5206	10378	9
11	5204	10382	7
12	5203	10376	8
13	3	5203	10382
14	10372	4	5201
15	5198	10370	4
16	10376	9	5204
17	10386	9	5208
18	10376	5	5200
19	10357	8	5196
20	3	5189	10352
21	5202	10373	11
22	6	5201	10380
23	5200	10369	7
24	10354	11	5195
25	10359	4	5190
26	5196	10368	5
27	5197	10371	5
28	5198	10368	5
29	11	5202	10373
30	3	5196	10371
31	10367	7	5202
32	10369	5	5198
33	10373	7	5202
34	7	5204	10374
35	7	5202	10372
36	7	5200	10373
37	7	5200	10371
38	3	5192	10363
39	8	5205	10382
40	5194	10363	6
41	8	5200	10374
42	10367	5	5197
43	5196	10366	4
44	9	5206	10378
45	10370	5	5200
46	5	5200	10371
47	5198	10370	6
48	5	5200	10367
49	5	5202	10374
50	7	5206	10384
51	5	5198	10369
52	7	5202	10372
53	10367	5	5198
54	7	5198	10374
55	3	5196	10369
56	3	5200	10371
57	10361	4	5194
58	10370	8	5198
59	5195	10361	9
60	5	5203	10383
61	10361	5	5194
62	7	5197	10363
63	10374	3	5199
64	5198	10375	3
65	7	5206	10382
66	5	5200	10374
67	5198	10369	7
68	3	5202	10384
69	5198	10374	4
70	7	5208	10382
71	3	5191	10363
72	10382	7	5207
73	5200	10374	3
74	7	5204	10378
75	5202	10376	7
76	5194	10365	3
77	5194	10365	9
78	3	5198	10370
79	7	5200	10378
80	7	5200	10373
81	7	5200	10373
82	4	5198	10366
83	7	5200	10370
84	5200	10368	6
85	10370	5	5200
86	3	5198	10370
87	10369	5	5200
88	10367	7	5198
89	5196	10367	9
90	10365	5	5196
91	9	5204	10380
92	7	5200	10369
93	5195	10365	7
94	3	5196	10369
95	8	5203	10374
96	5194	10363	3
97	10374	7	5204
98	10369	11	5202
99	5194	10365	5
100	9	5204	10378
101	5	5204	10376
102	5198	10370	3
103	5200	10374	7
104	5207	10381	10
105	9	5208	10386
106	10383	7	5207
107	5	5200	10376
108	4	5199	10376
109	9	5198	10361
110	10380	5	5205
111	5200	10378	5
112	10389	14	5213
113	5200	10376	5
114	10381	4	5203
115	5198	10376	8
116	10363	9	5196
117	10385	8	5205
118	6	5203	10378
119	10380	7	5206
120	5202	10376	7
121	10376	5	5202
122	5204	10380	9
123	8	5205	10383
124	5208	10382	9
125	10379	6	5205
126	7	5206	10384
127	5	5202	10380
128	11	5207	10384
129	10374	5	5202
130	5194	10355	5
131	10376	7	5202
132	5198	10367	8
133	10369	9	5200
134	10371	9	5202
135	10364	4	5199
136	10376	7	5203
137	7	5200	10371
138	5202	10373	7
139	10372	7	5202
140	10368	7	5198
141	10374	5	5205
142	5	5203	10378
143	5202	10375	5
144	5200	10378	7
145	5202	10375	9
146	10376	11	5206
147	3	5200	10374
148	5204	10378	9
149	5	5202	10374
150	10376	11	5202
151	7	5204	10382
152	5204	10377	11
153	5	5198	10370
154	5197	10369	3
155	10380	8	5207
156	6	5200	10372
157	3	5200	10374
158	5200	10375	9
159	10368	6	5199
160	5	5197	10373
161	5200	10368	10
162	5185	10346	5
163	5194	10369	7
164	5194	10364	4
165	9	5206	10386
166	5207	10389	4
167	10385	8	5211
168	9	5208	10382
169	9	5210	10390
170	4	5198	10372
171	5	5200	10372
172	10371	5	5200
173	10369	3	5196
174	9	5204	10378
175	10373	5	5202
176	5202	10373	9
177	10369	7	5200
178	11	5202	10375
179	5	5196	10367
180	10362	5	5195
181	5	5196	10366
182	10366	10	5198
183	3	5199	10372
184	5194	10363	5
185	6	5199	10366
186	7	5198	10369
187	5200	10371	9
188	7	5204	10382
189	5204	10376	9
190	6	5205	10381
191	10365	3	5196
192	5202	10373	9
193	10375	9	5204
194	10378	9	5208
195	5203	10378	8
196	5195	10367	3
197	5204	10380	11
198	6	5201	10374
199	5200	10374	7
200	9	5208	10388
201	10376	3	5202
202	5204	10386	7
203	5	5204	10378
204	5202	10378	5
205	3	5204	10382
206	5207	10385	8
207	7	5202	10378
208	5198	10372	3
209	10	5205	10382
210	5	5198	10371
211	5	5203	10378
212	5	5202	10377
213	10380	9	5210
214	3	5203	10379
215	5202	10378	3
216	5204	10378	9
217	5202	10374	7
218	10370	5	5198
219	10374	5	5202
220	5202	10378	7
221	10371	5	5200
222	5	5203	10382
223	10374	8	5203
224	10373	9	5204
225	10364	6	5196
226	5	5204	10378
227	5202	10376	7
228	10372	3	5200
229	10366	5	5200
230	7	5206	10380
231	5207	10382	9
232	10376	5	5203
233	5	5200	10380
234	5201	10378	8
235	7	5207	10385
236	10365	3	5196
237	5198	10367	7
238	10368	4	5196
239	9	5202	10372
240	10370	8	5202
241	5202	10376	8
242	5194	10367	3
243	7	5200	10371
244	10368	10	5199
245	5200	10374	7
246	7	5204	10378
247	10371	5	5200
248	10373	5	5202
249	5196	10367	7
250	7	5198	10372
251	10371	9	5202
252	10	5201	10370
253	10370	7	5198
254	3	5196	10370
255	3	5196	10365
256	5	5201	10374
257	5202	10370	9
258	11	5200	10371
259	10373	9	5200
260	5188	10350	5
261	10350	8	5188
262	10367	7	5200
263	5	5198	10370
264	3	5196	10367
265	5196	10367	5
266	5	5201	10374
267	5196	10365	7
268	10369	9	5200
269	5198	10368	3
270	9	5206	10378
271	5	5198	10369
272	7	5202	10378
273	8	5201	10372
274	10359	3	5194
275	10374	6	5201
276	5198	10372	7
277	8	5203	10379
278	10368	3	5198
279	10370	4	5196
280	7	5204	10380
281	5204	10375	7
282	6	5201	10376
283	10376	7	5205
284	5186	10350	5
285	10370	4	5199
286	10370	8	5200
287	10378	8	5207
288	5198	10372	3
289	5196	10369	5
290	3	5191	10356
291	9	5204	10378
292	9	5204	10371
293	10370	5	5198
294	5192	10363	3
295	7	5200	10373
296	10378	8	5203
297	9	5208	10384
298	3	5206	10382
299	5209	10386	9
300	5200	10372	3
301	8	5211	10391
302	5203	10380	8
303	5	5202	10376
304	5202	10376	8
305	5200	10374	5
306	5	5202	10378
307	6	5203	10378
308	5204	10378	5
309	10384	5	5207
310	7	5203	10383
311	8	5205	10379
312	5204	10376	7
313	10376	4	5203
314	10376	3	5198
315	7	5206	10380
316	10378	5	5202
317	10381	6	5203
318	8	5203	10378
319	9	5204	10376
320	8	5209	10385
321	10380	8	5205
322	5200	10376	6
323	5199	10372	6
324	10378	7	5202
325	5200	10375	7
326	5205	10383	8
327	10376	3	5201
328	5202	10380	5
329	5203	10383	8
330	10384	9	5209
331	5202	10377	3
332	8	5205	10381
333	5205	10378	4
334	9	5206	10380
335	5204	10377	9
336	10	5211	10391
337	10382	9	5208
338	10380	11	5206
339	5207	10387	8
340	4	5203	10385
341	3	5202	10378
342	3	5201	10378
343	10369	5	5198
344	5192	10361	7
345	5206	10384	7
346	5200	10374	5
347	10378	7	5204
348	10382	7	5206
349	5196	10368	10
350	10376	8	5203
351	10376	5	5202
352	10378	5	5202
353	5209	10385	10
354	5204	10380	7
355	10	5205	10382
356	5198	10373	5
357	10376	7	5204
358	11	5207	10382
359	5200	10377	7
360	10374	5	5203
361	10382	9	5208
362	5203	10378	8
363	10382	5	5205
364	9	5211	10391
365	10382	9	5206
366	5196	10370	5
367	10378	6	5201
368	5199	10372	6
369	7	5196	10363
370	7	5190	10355
371	9	5202	10374
372	10376	7	5202
373	7	5204	10378
374	5204	10376	9
375	5200	10373	9
376	7	5200	10374
377	9	5205	10378
378	9	5208	10382
379	10374	7	5202
380	5198	10372	5
381	5200	10376	8
382	10374	5	5203
383	5201	10374	10
384	6	5203	10385
385	5	5200	10374
386	5200	10372	5
387	5204	10378	5
388	5198	10369	7
389	9	5202	10377
390	10372	6	5201
391	5203	10381	8
392	10377	5	5204
393	8	5205	10385
394	9	5208	10384
395	10	5207	10380
396	3	5202	10380
397	3	5207	10384
398	5204	10380	9
399	5200	10380	5
400	10374	3	5200
401	8	5211	10391
402	7	5209	10385
403	10382	5	5206
404	5213	10393	11
405	10378	5	5202
406	10372	3	5198
407	10367	3	5196
408	10372	8	5203
409	5203	10376	5
410	10	5205	10379
411	5206	10380	9
412	5190	10354	5
413	7	5198	10370
414	5200	10372	5
415	7	5202	10376
416	10	5207	10381
417	10385	7	5209
418	10377	7	5202
419	5203	10383	4
420	10376	5	5202
421	5206	10384	5
422	5206	10386	7
423	10391	7	5211
424	10386	5	5207
425	10395	5	5213
426	10389	9	5209
427	5	5204	10387
428	5200	10374	5
429	5208	10380	11
430	8	5203	10379
431	5	5200	10376
432	5200	10374	8
433	5196	10365	7
434	10363	7	5196
435	10368	3	5198
436	10368	3	5198
437	10	5198	10374
438	10369	3	5198
439	5	5205	10382
440	5200	10372	5
441	5199	10374	3
442	5	5204	10380
443	5201	10378	4
444	10374	7	5202
445	10370	5	5200
446	10376	5	5203
447	5200	10376	5
448	10374	5	5204
449	5198	10373	5
450	5	5202	10378
451	5200	10372	7
452	5196	10372	5
453	7	5202	10378
454	10378	8	5203
455	5	5204	10380
456	10380	10	5205
457	3	5206	10386
458	5204	10376	7
459	10384	5	5207
460	5	5206	10386
461	10374	5	5201
462	10368	5	5198
463	10377	9	5206
464	9	5209	10384
465	5200	10373	5
466	10378	7	5206
467	3	5202	10378
468	7	5204	10378
469	10376	7	5204
470	10373	3	5200
471	10378	3	5203
472	10380	8	5205
473	10370	3	5198
474	5200	10375	7
475	10373	7	5202
476	10372	5	5200
477	7	5206	10382
478	5	5193	10360
479	5203	10378	8
480	10373	5	5200
481	10374	5	5202
482	5	5202	10380
483	10380	8	5205
484	9	5204	10378
485	5201	10376	8
486	10379	8	5205
487	10376	10	5204
488	5204	10376	11
489	5196	10367	3
490	3	5198	10370
491	10377	7	5204
492	5191	10356	11
493	5198	10372	3
494	11	5208	10382
495	3	5204	10386
496	7	5205	10385
497	5204	10384	5
498	5	5205	10385
499	10385	3	5205
500	5200	10374	7
501	5202	10374	9
502	5198	10372	3
503	5196	10365	3
504	5196	10365	5
505	5185	10352	3
506	5202	10371	11
507	9	5204	10375
508	10361	3	5194
509	5200	10371	9
510	10371	5	5200
511	8	5203	10376
512	5196	10367	5
513	5198	10370	3
514	3	5200	10371
515	5196	10369	5
516	10365	3	5195
517	5	5198	10369
518	10389	9	5211
519	5203	10383	7
520	5206	10380	9
521	6	5201	10378
522	10368	5	5198
523	8	5209	10387
524	10370	5	5200
525	5	5197	10367
526	4	5198	10370
527	10379	8	5207
528	9	5198	10369
529	5200	10374	5
530	9	5202	10369
531	10349	4	5188
532	10374	9	5204
533	5	5205	10380
534	5	5200	10376
535	5198	10371	3
536	10376	5	5201
537	7	5206	10384
538	9	5213	10391
539	10382	9	5210
540	5204	10382	7
541	5205	10381	8
542	10390	9	5210
543	5206	10378	7
544	5198	10363	11
545	10373	5	5198
546	10384	3	5206
547	10386	9	5209
548	6	5203	10381
549	5205	10378	8
550	6	5201	10376
551	10374	5	5202
552	7	5206	10384
553	5202	10376	7
554	10377	9	5206
555	5198	10374	5
556	5196	10367	5
557	37	5200	10378
558	6	5203	10383
559	10369	11	5202
560	10384	5	5207
561	5202	10378	5
562	10382	3	5204
563	9	5202	10374
564	10365	5	5196
565	10368	5	5198
566	5193	10363	3
567	5196	10367	3
568	10368	5	5196
569	10365	7	5196
570	5197	10367	7
571	5	5206	10382
572	3	5201	10374
573	10373	9	5202
574	10376	7	5202
575	5200	10376	7
576	6	5199	10370
577	10376	7	5207
578	10367	3	5195
579	5199	10368	10
580	5197	10367	5
581	7	5202	10376
582	5198	10373	7
583	7	5206	10378
584	5200	10372	6
585	3	5202	10378
586	5196	10366	4
587	5200	10372	7
588	8	5205	10381
589	5198	10372	5
590	5187	10348	5
591	10370	5	5200
592	5	5202	10374
593	5203	10372	10
594	10374	10	5205
595	5198	10369	7
596	10374	3	5202
597	5200	10373	5
598	7	5202	10378
599	10378	7	5204
600	10382	10	5205
601	9	5208	10388
602	10386	9	5206
603	5	5205	10382
604	5208	10382	9
605	5202	10378	9
606	5201	10374	5
607	5200	10378	3
608	10376	6	5201
609	4	5203	10385
610	5204	10380	7
611	5204	10382	3
612	10382	7	5209
613	4	5203	10378
614	5200	10374	7
615	3	5200	10374
616	7	5211	10393
617	10381	6	5205
618	10380	7	5208
619	10	5209	10383
620	5	5210	10390
621	5206	10384	7
622	5202	10374	7
623	10367	3	5196
624	10377	9	5206
625	10363	5	5195
626	5203	10376	8
627	5200	10371	3
628	5202	10380	5
629	6	5203	10383
630	5200	10374	5
631	5204	10382	11
632	10377	5	5202
633	5196	10366	4
634	5198	10369	7
635	5196	10371	5
636	9	5200	10372
637	5201	10370	8
638	8	5201	10372
639	10369	3	5194
640	7	5206	10384
641	5	5203	10378
642	10367	3	5196
643	10368	4	5198
644	5	5200	10371
645	5200	10374	9
646	9	5200	10378
647	10367	3	5198
648	6	5200	10370
649	3	5200	10370
650	5	5198	10371
651	3	5198	10376
652	5202	10374	10
653	5202	10375	11
654	7	5196	10367
655	5198	10374	5
656	5	5200	10374
657	3	5191	10354
658	5193	10356	9
659	10365	11	5198
660	5202	10375	5
661	7	5202	10376
662	5	5202	10380
663	10378	8	5205
664	10366	3	5198
665	11	5200	10365
666	10354	5	5191
667	5206	10380	7
668	6	5203	10379
669	5200	10378	5
670	5200	10376	5
671	5202	10378	3
672	10376	5	5202
673	5198	10372	5
674	5198	10368	4
675	5200	10367	3
676	5199	10370	10
677	3	5200	10374
678	10371	5	5200
679	10378	7	5204
680	10376	9	5202
681	7	5203	10380
682	7	5206	10380
683	10371	3	5196
684	10384	9	5210
685	5	5200	10378
686	5204	10376	9
687	10378	5	5204
688	5	5202	10382
689	5203	10380	8
690	10382	9	5210
691	5204	10378	9
692	10370	5	5200
693	5198	10373	3
694	10376	3	5203
695	10372	3	5202
696	5200	10372	5
697	10374	3	5200
698	10373	5	5202
699	5198	10372	5
700	5198	10370	4
701	10374	5	5200
702	10376	9	5204
703	5203	10376	7
704	11	5209	10386
705	3	5203	10383
706	5204	10380	9
707	5208	10388	9
708	10383	8	5205
709	5201	10376	5
710	10388	11	5211
711	5204	10380	9
712	10378	3	5202
713	10376	3	5202
714	10383	5	5207
715	5198	10366	4
716	10364	3	5196
717	10389	5	5209
718	11	5212	10393
719	5203	10382	5
720	10380	7	5203
721	5204	10378	5
722	10370	3	5198
723	10376	4	5203
724	10380	5	5204
725	3	5200	10375
726	9	5206	10382
727	5200	10378	5
728	10382	7	5207
729	5	5203	10380
730	5	5200	10378
731	5204	10376	7
732	10378	11	5206
733	5200	10374	5
734	10374	3	5202
735	5202	10377	5
736	10387	10	5207
737	5206	10380	9
738	10372	5	5198
739	10378	7	5204
740	10380	7	5202
741	10379	8	5205
742	10374	3	5200
743	11	5209	10387
744	10380	7	5208
745	10374	5	5202
746	5200	10373	3
747	5200	10370	3
748	10374	7	5204
749	5	5200	10377
750	7	5204	10380
751	5	5202	10378
752	5203	10380	3
753	5198	10372	3
754	5202	10378	7
755	5205	10379	8
756	10369	9	5200
757	10374	8	5203
758	10376	7	5204
759	10373	5	5202
760	10378	6	5203
761	5	5205	10385
762	10389	6	5207
763	10384	9	5208
764	5	5206	10384
765	3	5207	10387
766	10379	4	5205
767	10	5211	10391
768	10386	9	5209
769	5193	10361	5
770	5	5206	10384
771	8	5207	10385
772	5206	10384	9
773	5205	10383	5
774	5	5204	10382
775	5204	10380	5
776	5	5202	10376
777	5205	10382	9
778	7	5210	10390
779	5205	10380	7
780	10372	3	5200
781	10376	5	5204
782	10376	3	5202
783	10380	7	5204
784	10379	6	5205
785	10380	5	5204
786	5	5205	10383
787	10374	5	5202
788	10377	5	5202
789	10376	7	5202
790	10371	3	5202
791	10374	3	5199
792	10	5205	10381
793	5205	10382	8
794	5202	10376	3
795	5202	10376	9
796	10365	9	5200
797	5204	10382	7
798	5202	10375	9
799	7	5208	10384
800	10369	7	5200
801	5	5202	10372
802	10370	9	5202
803	10377	7	5204
804	7	5202	10376
805	10363	5	5196
806	3	5198	10373
807	10357	10	5196
808	5195	10360	11
809	10372	7	5202
810	3	5198	10372
811	10369	3	5198
812	5196	10369	7
813	5183	10344	3
814	4	5190	10351
815	7	5191	10352
816	10370	6	5200
817	7	5191	10358
818	10371	5	5200
819	5194	10367	5
820	7	5202	10373
821	5198	10371	5
822	5200	10370	8
823	9	5202	10378
824	5	5200	10373
825	10370	3	5198
826	10357	9	5194
827	5187	10348	7
828	10354	9	5193
829	10358	7	5193
830	11	5204	10374
831	5198	10372	6
832	10369	3	5198
833	9	5208	10384
834	5	5205	10384
835	5204	10382	11
836	9	5205	10384
837	3	5200	10377
838	5203	10376	8
839	3	5201	10381
840	5	5200	10373
841	9	5202	10372
842	10370	7	5200
843	10361	5	5198
844	10378	8	5205
845	5	5200	10373
846	10382	5	5202
847	5200	10376	5
848	10	5209	10385
849	10382	9	5207
850	5200	10376	5
851	9	5208	10386
852	10385	5	5207
853	3	5206	10384
854	10380	5	5205
855	7	5207	10387
856	3	5207	10387
857	5208	10386	11
858	10378	4	5205
859	5204	10380	9
860	10374	5	5202
861	10376	8	5203
862	5205	10382	10
863	5196	10368	5
864	3	5198	10370
865	5195	10367	3
866	9	5206	10386
867	5	5200	10376
868	10369	3	5198
869	10374	5	5200
870	5	5206	10384
871	5202	10378	7
872	10374	5	5201
873	5200	10376	11
874	5196	10372	5
875	10372	7	5202
876	9	5206	10382
877	5202	10375	9
878	10374	7	5204
879	5196	10370	3
880	9	5194	10363
881	8	5201	10374
882	7	5198	10367
883	10370	8	5201
884	11	5204	10372
885	5204	10378	11
886	10378	7	5205
887	8	5203	10376
888	10368	3	5200
889	8	5203	10376
890	7	5202	10374
891	10364	3	5196
892	7	5200	10371
893	7	5198	10371
894	5194	10367	5
895	10369	7	5197
896	5195	10367	3
897	10369	3	5196
898	10356	7	5191
899	10371	7	5202
900	7	5206	10380
901	10378	5	5202
902	7	5202	10378
903	5202	10372	7
904	10377	9	5204
905	5190	10364	6
906	10372	5	5201
907	10380	9	5206
908	5203	10374	8
909	9	5207	10384
910	5	5200	10373
911	3	5200	10375
912	5	5200	10376
913	5200	10376	3
914	10375	5	5202
915	5204	10380	11
916	3	5192	10361
917	10373	7	5202
918	5203	10378	5
919	7	5205	10383
920	11	5206	10384
921	10401	5	5211
922	10380	5	5204
923	5192	10359	6
924	7	5197	10363
925	5	5192	10357
926	8	5194	10355
927	5185	10346	7
928	10368	3	5198
929	5195	10365	5
930	10376	11	5204
931	5192	10361	3
932	5206	10380	5
933	10376	5	5200
934	10374	3	5200
935	8	5198	10365
936	10367	3	5196
937	10374	5	5200
938	7	5206	10382
939	5210	10388	7
940	7	5206	10384
941	10384	9	5206
942	5209	10389	8
943	9	5207	10386
944	3	5193	10365
945	8	5207	10387
946	10	5213	10389
947	5205	10381	10
948	8	5207	10385
949	10389	9	5209
950	9	5208	10386
951	5202	10375	7
952	5203	10378	10
953	5208	10382	7
954	10381	8	5207
955	11	5211	10390
956	7	5207	10384
957	3	5202	10378
958	5198	10374	5
959	9	5208	10386
960	10388	7	5208
961	8	5205	10380
962	5198	10372	5
963	6	5203	10383
964	8	5203	10381
965	5200	10378	5
966	10378	11	5206
967	9	5208	10388
968	10378	5	5205
969	5203	10380	3
970	5207	10382	7
971	10382	9	5208
972	5206	10380	9
973	5202	10380	7
974	10375	9	5204
975	5197	10375	3
976	8	5207	10383
977	5200	10375	7
978	5200	10378	7
979	5	5201	10378
980	5	5202	10376
981	6	5205	10381
982	10376	9	5204
983	6	5203	10378
984	5201	10374	5
985	10370	7	5200
986	10374	8	5203
987	10366	5	5196
988	5200	10371	9
989	10369	5	5198
990	10368	4	5199
991	10372	6	5201
992	5198	10372	7
993	10367	5	5198
994	3	5198	10372
995	10376	4	5201
996	10377	7	5204
997	5201	10374	8
998	10372	7	5202
999	10384	5	5206

