Reaction test v3
type	A+B+C
number	1000

max value	65536
unit	us

test	A	B	C
0	5207	10383	5
1	5	5206	10384
2	6	5207	10385
3	10376	5	5204
4	7	5207	10383
5	8	5215	10398
6	10376	3	5200
7	3	5201	10376
8	10373	5	5202
9	10391	9	5213
10	5202	10378	5
11	3	5203	10381
12	9	5210	10386
13	5204	10380	5
14	3	5203	10378
15	10382	5	5206
16	5205	10385	3
17	5203	10376	5
18	10355	5	5192
19	9	5208	10384
20	5	5205	10381
21	5202	10378	5
22	5	5203	10382
23	7	5203	10380
24	5198	10380	3
25	5205	10382	8
26	5207	10387	11
27	9	5207	10384
28	5193	10365	5
29	4	5203	10381
30	7	5202	10378
31	5207	10383	10
32	10378	5	5203
33	7	5204	10380
34	10376	8	5205
35	5205	10383	6
36	5202	10378	5
37	5203	10378	7
38	10375	3	5200
39	5199	10374	6
40	10378	9	5204
41	5200	10374	5
42	9	5207	10387
43	10382	7	5205
44	10378	9	5206
45	9	5210	10386
46	7	5202	10376
47	10372	5	5200
48	5202	10373	9
49	7	5202	10374
50	9	5200	10371
51	10375	5	5202
52	5	5205	10381
53	10354	5	5190
54	10381	8	5203
55	5200	10369	9
56	5194	10365	3
57	5196	10372	3
58	9	5204	10378
59	10373	9	5202
60	10376	10	5203
61	3	5196	10372
62	5	5200	10376
63	9	5207	10382
64	10383	10	5207
65	7	5207	10384
66	5198	10372	5
67	5200	10374	5
68	7	5203	10382
69	10373	5	5200
70	10377	9	5204
71	5198	10371	7
72	9	5208	10378
73	10357	5	5192
74	9	5207	10384
75	10370	7	5200
76	7	5202	10376
77	5192	10357	5
78	8	5203	10376
79	10369	7	5200
80	5194	10366	3
81	5	5200	10377
82	10366	3	5194
83	10371	7	5202
84	10374	9	5202
85	10372	6	5201
86	10363	6	5196
87	10378	8	5207
88	3	5196	10371
89	10369	7	5198
90	5200	10373	11
91	10374	7	5202
92	10367	3	5196
93	7	5204	10376
94	9	5205	10380
95	10374	5	5200
96	5206	10384	7
97	5215	10403	9
98	4	5213	10404
99	5217	10403	9
100	5207	10395	3
101	10393	3	5210
102	10400	8	5215
103	5209	10393	5
104	10386	11	5210
105	10399	7	5215
106	6	5215	10402
107	5207	10393	4
108	10397	5	5213
109	10408	8	5220
110	5212	10399	5
111	5209	10398	5
112	11	5219	10408
113	7	5213	10402
114	5211	10398	5
115	5220	10406	9
116	10404	6	5216
117	9	5221	10416
118	10403	5	5215
119	5215	10404	6
120	10389	3	5211
121	10400	4	5209
122	3	5213	10404
123	9	5217	10404
124	10403	5	5215
125	5215	10404	5
126	10404	5	5215
127	3	5211	10402
128	10406	8	5217
129	5215	10405	5
130	5209	10400	5
131	3	5213	10398
132	10410	7	5219
133	5	5215	10403
134	5208	10397	3
135	5215	10400	10
136	7	5219	10410
137	10396	4	5211
138	5	5213	10400
139	5	5215	10404
140	7	5213	10399
141	7	5215	10405
142	3	5213	10403
143	5218	10406	8
144	5207	10396	6
145	10405	7	5217
146	7	5215	10403
147	3	5219	10407
148	10396	4	5213
149	5208	10399	5
150	3	5215	10402
151	5209	10396	6
152	8	5218	10410
153	5213	10399	7
154	10393	3	5211
155	10395	7	5211
156	5	5211	10397
157	5215	10400	3
158	10403	11	5219
159	5209	10399	5
160	5212	10401	7
161	5215	10399	11
162	5217	10403	11
163	10399	7	5213
164	10399	7	5215
165	10395	5	5211
166	5217	10406	11
167	10396	5	5213
168	9	5219	10405
169	5	5217	10404
170	7	5217	10408
171	5213	10400	8
172	5	5209	10395
173	10401	5	5215
174	5	5203	10380
175	5209	10395	5
176	5213	10397	9
177	5217	10406	9
178	5215	10399	9
179	9	5215	10393
180	8	5218	10406
181	5209	10399	5
182	7	5215	10404
183	8	5215	10404
184	10400	6	5213
185	10400	8	5217
186	5213	10397	9
187	10399	7	5215
188	10396	6	5213
189	5211	10397	7
190	10399	7	5215
191	5221	10412	11
192	10406	3	5216
193	3	5213	10401
194	5215	10402	7
195	10406	7	5217
196	5	5215	10403
197	10411	6	5216
198	10420	9	5226
199	10402	3	5214
200	10403	5	5215
201	5218	10406	8
202	5224	10419	9
203	5215	10405	7
204	5223	10418	9
205	5221	10410	11
206	8	5222	10419
207	10402	5	5217
208	5211	10399	5
209	10402	5	5216
210	7	5219	10410
211	10401	5	5211
212	3	5215	10410
213	5205	10389	6
214	5213	10405	3
215	5217	10405	5
216	11	5219	10408
217	7	5219	10408
218	4	5218	10415
219	5	5224	10417
220	5216	10408	4
221	10402	5	5217
222	5217	10407	3
223	5219	10408	9
224	5211	10404	5
225	5219	10410	5
226	10405	7	5217
227	10409	10	5222
228	10405	9	5217
229	10414	9	5224
230	5216	10404	8
231	5217	10405	9
232	8	5218	10410
233	5211	10394	4
234	9	5221	10405
235	7	5215	10400
236	8	5209	10387
237	10404	4	5216
238	10404	10	5220
239	5211	10399	5
240	5213	10402	4
241	10410	5	5221
242	10399	7	5215
243	10397	7	5211
244	7	5219	10412
245	9	5221	10406
246	5210	10401	5
247	10408	7	5221
248	10405	7	5217
249	5213	10402	4
250	3	5215	10406
251	7	5219	10410
252	9	5221	10410
253	7	5219	10416
254	5217	10408	7
255	10412	8	5224
256	5221	10410	11
257	5215	10400	7
258	10402	5	5217
259	10396	10	5216
260	3	5215	10403
261	10404	7	5217
262	4	5218	10413
263	8	5226	10417
264	5	5219	10412
265	5	5219	10410
266	5221	10410	7
267	5220	10411	6
268	3	5219	10412
269	8	5222	10415
270	5215	10412	5
271	3	5219	10416
272	5221	10412	5
273	9	5226	10419
274	5226	10419	9
275	6	5224	10421
276	10416	5	5223
277	5221	10410	9
278	10395	7	5211
279	5221	10416	5
280	9	5224	10419
281	6	5220	10415
282	10404	5	5215
283	4	5214	10404
284	10397	11	5213
285	10403	5	5215
286	8	5222	10415
287	10401	5	5213
288	5217	10404	9
289	7	5217	10410
290	5220	10410	8
291	3	5215	10402
292	10	5224	10415
293	10408	7	5219
294	9	5224	10415
295	5218	10406	8
296	10408	9	5217
297	7	5217	10408
298	7	5221	10410
299	5217	10410	8
300	5211	10398	3
301	10404	5	5216
302	10405	7	5217
303	5	5217	10408
304	5	5218	10413
305	7	5211	10395
306	10410	7	5221
307	10405	3	5211
308	3	5215	10406
309	7	5219	10412
310	10408	5	5219
311	10417	7	5224
312	10408	5	5217
313	7	5217	10408
314	9	5217	10407
315	10402	7	5217
316	10404	11	5219
317	7	5217	10404
318	5	5215	10408
319	10	5224	10413
320	5213	10402	3
321	10409	6	5218
322	7	5219	10410
323	10400	5	5216
324	10399	7	5215
325	10404	3	5215
326	10404	5	5213
327	5221	10410	9
328	10403	5	5215
329	5219	10410	9
330	5219	10410	9
331	10408	8	5218
332	5	5206	10388
333	10389	9	5211
334	10398	3	5211
335	3	5217	10404
336	10406	8	5218
337	5212	10405	5
338	10407	3	5217
339	5216	10406	8
340	10408	41	5221
341	10407	7	5217
342	3	5209	10397
343	10393	5	5209
344	6	5213	10402
345	10402	9	5217
346	5213	10397	7
347	10401	9	5215
348	5217	10408	5
349	3	5213	10399
350	5211	10399	5
351	10397	5	5213
352	10392	7	5212
353	8	5218	10406
354	5203	10381	6
355	10402	6	5218
356	5209	10395	5
357	10410	11	5219
358	10387	5	5211
359	5199	10383	3
360	7	5213	10397
361	5211	10395	7
362	5215	10406	7
363	7	5217	10408
364	5210	10393	5
365	10399	7	5213
366	10408	7	5219
367	10401	3	5213
368	5217	10412	5
369	5218	10408	7
370	10405	3	5215
371	9	5219	10412
372	5219	10412	5
373	5	5217	10412
374	5221	10416	9
375	5215	10406	3
376	5	5218	10412
377	5219	10408	7
378	5219	10410	11
379	5	5217	10406
380	7	5221	10414
381	10408	11	5222
382	3	5215	10404
383	10416	9	5224
384	5218	10410	8
385	5222	10415	7
386	5220	10411	8
387	5219	10406	11
388	5	5217	10408
389	10406	11	5219
390	5	5219	10412
391	8	5222	10415
392	10410	10	5222
393	5215	10412	5
394	7	5220	10412
395	5	5221	10414
396	10406	4	5216
397	11	5224	10416
398	5218	10413	10
399	5213	10408	5
400	10404	9	5219
401	3	5216	10408
402	10398	7	5213
403	5215	10404	7
404	3	5217	10414
405	5221	10414	7
406	10404	7	5217
407	10412	13	5223
408	7	5218	10408
409	5	5217	10410
410	5213	10400	3
411	9	5222	10414
412	9	5221	10412
413	5	5222	10417
414	10403	5	5215
415	8	5222	10411
416	10407	7	5219
417	5217	10406	7
418	10402	3	5215
419	5216	10404	6
420	10402	7	5217
421	10412	8	5224
422	3	5220	10408
423	10404	3	5217
424	10408	7	5219
425	5196	10367	5
426	10388	3	5202
427	10406	8	5218
428	8	5216	10408
429	6	5216	10406
430	10418	7	5225
431	10406	11	5219
432	4	5214	10404
433	10404	5	5215
434	5220	10413	10
435	5221	10419	7
436	9	5224	10417
437	10408	7	5221
438	9	5225	10416
439	10393	3	5207
440	5208	10395	7
441	4	5211	10396
442	10	5220	10406
443	10393	5	5212
444	5204	10380	11
445	5211	10396	8
446	5213	10400	7
447	3	5215	10408
448	5213	10406	5
449	5	5215	10403
450	10393	9	5213
451	5220	10411	8
452	5	5217	10407
453	6	5224	10415
454	10404	5	5215
455	10404	11	5219
456	10408	6	5216
457	5213	10404	3
458	10405	9	5219
459	7	5215	10408
460	8	5222	10412
461	5211	10400	5
462	7	5219	10412
463	10408	5	5218
464	5218	10402	8
465	10413	8	5218
466	8	5220	10411
467	5223	10416	7
468	3	5213	10405
469	10410	10	5222
470	3	5215	10405
471	5	5216	10406
472	11	5221	10410
473	5	5215	10408
474	7	5206	10382
475	10377	3	5202
476	10378	7	5206
477	9	5204	10384
478	11	5213	10389
479	7	5206	10382
480	5198	10374	3
481	5202	10378	5
482	10378	5	5206
483	10376	5	5202
484	5201	10374	8
485	10365	7	5200
486	5200	10374	5
487	5206	10382	11
488	5198	10370	3
489	7	5203	10380
490	5199	10379	4
491	10387	8	5209
492	3	5198	10375
493	5	5202	10376
494	5204	10380	9
495	10374	9	5204
496	5201	10372	4
497	5201	10379	8
498	10374	4	5201
499	7	5200	10374
500	10372	9	5202
501	9	5202	10374
502	5200	10373	7
503	5202	10378	7
504	5198	10369	5
505	5201	10374	8
506	5204	10380	9
507	11	5206	10380
508	10355	7	5192
509	10364	3	5201
510	5196	10364	4
511	7	5196	10363
512	10384	9	5207
513	10388	7	5208
514	5	5205	10384
515	5201	10374	6
516	5204	10380	3
517	5	5202	10374
518	5204	10380	5
519	7	5206	10380
520	10376	7	5202
521	5	5196	10369
522	6	5201	10378
523	5200	10373	5
524	5200	10378	3
525	5202	10376	7
526	10367	5	5198
527	10372	8	5202
528	10371	5	5198
529	5198	10368	7
530	10373	5	5198
531	10367	3	5198
532	10374	6	5201
533	5200	10372	7
534	5196	10374	5
535	8	5209	10385
536	5203	10383	8
537	5198	10373	3
538	8	5203	10378
539	7	5207	10383
540	5203	10380	8
541	5204	10382	5
542	10384	11	5208
543	10373	5	5200
544	5206	10382	7
545	7	5196	10369
546	5200	10375	7
547	9	5204	10378
548	5202	10376	5
549	8	5202	10376
550	10374	8	5207
551	10373	9	5204
552	7	5204	10378
553	5196	10367	7
554	10369	3	5200
555	10373	9	5200
556	10361	3	5194
557	5194	10365	3
558	5	5196	10367
559	5199	10372	10
560	10365	7	5196
561	5192	10363	3
562	3	5199	10372
563	5198	10369	9
564	8	5192	10359
565	10371	5	5200
566	7	5202	10374
567	5	5204	10374
568	9	5206	10378
569	10366	5	5198
570	10378	5	5206
571	8	5201	10374
572	10369	7	5198
573	5196	10371	3
574	10368	8	5200
575	5	5202	10374
576	6	5207	10387
577	10393	6	5209
578	5205	10383	8
579	7	5205	10384
580	5202	10380	7
581	4	5207	10391
582	7	5207	10389
583	5206	10386	5
584	10384	7	5208
585	3	5204	10388
586	10387	10	5211
587	10390	5	5210
588	8	5207	10385
589	7	5206	10384
590	5	5203	10376
591	5202	10376	9
592	10368	3	5198
593	5202	10375	9
594	5196	10367	5
595	5	5198	10371
596	3	5196	10368
597	10373	9	5200
598	4	5199	10370
599	5185	10344	7
600	10367	9	5200
601	10365	7	5198
602	5202	10376	9
603	10373	5	5202
604	5	5198	10370
605	9	5202	10373
606	5	5198	10371
607	5189	10358	7
608	10372	7	5204
609	10370	5	5200
610	8	5200	10370
611	10369	9	5198
612	5196	10368	6
613	5198	10367	10
614	5	5198	10369
615	10361	3	5193
616	7	5192	10354
617	5200	10370	8
618	10365	5	5196
619	10365	7	5198
620	8	5205	10380
621	5198	10372	3
622	5	5200	10376
623	5202	10374	11
624	7	5203	10378
625	5200	10378	7
626	5	5198	10374
627	10369	5	5198
628	3	5202	10378
629	7	5200	10374
630	10376	9	5206
631	5204	10377	9
632	3	5200	10374
633	10361	3	5194
634	9	5190	10352
635	5	5195	10361
636	10351	3	5188
637	5	5202	10378
638	10383	8	5209
639	5196	10371	7
640	5198	10373	7
641	5197	10369	5
642	10374	10	5204
643	10369	7	5196
644	5196	10365	5
645	5	5202	10376
646	5	5198	10374
647	5	5200	10371
648	10380	9	5208
649	5194	10365	5
650	9	5202	10374
651	3	5204	10378
652	5198	10371	9
653	9	5209	10382
654	10369	7	5200
655	10356	7	5194
656	5200	10372	8
657	10378	9	5206
658	5	5202	10377
659	5204	10378	9
660	5207	10379	10
661	5196	10372	3
662	3	5201	10381
663	5203	10379	4
664	5205	10382	9
665	5200	10374	3
666	5	5200	10374
667	10	5209	10385
668	5206	10380	11
669	5198	10372	5
670	7	5204	10378
671	5	5193	10362
672	10366	8	5194
673	10373	7	5200
674	5197	10367	5
675	5206	10376	11
676	5196	10369	5
677	10372	8	5201
678	5	5200	10372
679	5197	10369	5
680	10371	9	5200
681	5192	10363	3
682	7	5198	10371
683	9	5202	10378
684	10375	11	5204
685	5198	10375	9
686	10378	8	5203
687	10366	4	5196
688	10367	7	5198
689	5195	10369	7
690	7	5198	10371
691	9	5204	10377
692	11	5204	10374
693	10371	9	5202
694	5193	10363	3
695	10371	9	5198
696	10361	3	5192
697	10363	5	5196
698	8	5205	10378
699	5198	10367	3
700	5194	10365	5
701	10374	9	5202
702	9	5200	10370
703	5202	10375	11
704	10378	9	5206
705	10365	9	5200
706	10365	8	5196
707	10363	7	5196
708	10366	8	5198
709	5200	10369	7
710	10365	5	5198
711	5199	10368	8
712	10367	7	5198
713	10366	5	5196
714	10374	8	5205
715	10366	8	5203
716	10368	7	5198
717	5198	10373	7
718	10	5203	10382
719	9	5208	10380
720	6	5200	10374
721	5199	10376	8
722	7	5202	10373
723	5196	10366	6
724	10371	7	5202
725	5194	10363	5
726	5196	10366	6
727	9	5202	10380
728	10375	5	5202
729	4	5198	10372
730	10369	7	5200
731	10372	8	5203
732	5200	10363	5
733	10364	4	5196
734	10361	3	5194
735	5198	10373	9
736	5196	10367	5
737	4	5188	10355
738	5	5198	10372
739	5194	10365	6
740	5194	10365	5
741	10363	5	5196
742	5	5198	10371
743	5	5193	10358
744	5	5191	10354
745	9	5200	10370
746	10367	7	5198
747	5194	10363	6
748	5200	10371	7
749	9	5204	10374
750	10370	10	5202
751	10365	3	5196
752	10388	9	5209
753	9	5204	10380
754	11	5206	10380
755	7	5198	10373
756	5	5204	10377
757	5204	10374	5
758	5190	10363	3
759	5200	10367	7
760	10361	5	5196
761	10361	9	5193
762	8	5198	10368
763	5194	10361	9
764	5196	10365	7
765	5194	10361	3
766	5196	10363	9
767	7	5200	10369
768	11	5204	10371
769	5198	10371	5
770	6	5192	10353
771	5198	10364	6
772	5202	10376	9
773	5	5200	10378
774	10365	5	5196
775	5195	10365	5
776	5194	10367	3
777	7	5203	10378
778	10369	3	5198
779	8	5199	10372
780	5	5197	10369
781	3	5194	10365
782	5198	10369	11
783	10	5198	10368
784	5194	10359	10
785	10367	5	5196
786	10361	5	5194
787	10367	9	5198
788	10371	9	5202
789	9	5206	10382
790	9	5202	10378
791	5192	10357	9
792	10359	3	5191
793	5198	10368	6
794	5200	10373	9
795	9	5206	10376
796	5194	10367	3
797	9	5202	10378
798	5189	10352	5
799	3	5203	10378
800	10374	9	5204
801	6	5201	10372
802	5196	10367	5
803	10373	3	5202
804	10365	6	5194
805	5190	10363	3
806	5198	10368	8
807	10364	10	5199
808	3	5194	10363
809	5198	10365	9
810	5198	10367	9
811	5	5198	10369
812	5203	10376	10
813	5	5200	10376
814	10381	5	5203
815	5202	10372	7
816	10376	5	5206
817	5195	10358	7
818	5194	10365	5
819	5200	10372	8
820	10371	5	5200
821	7	5202	10374
822	10365	3	5195
823	10370	5	5198
824	8	5201	10374
825	5195	10363	5
826	5197	10371	7
827	10374	10	5203
828	10370	8	5201
829	10369	3	5196
830	5198	10370	5
831	7	5198	10371
832	5198	10371	7
833	5194	10365	3
834	5201	10368	8
835	10368	7	5202
836	7	5196	10365
837	5202	10374	7
838	5197	10365	5
839	5198	10368	5
840	10374	7	5202
841	10370	10	5200
842	10369	9	5202
843	9	5202	10378
844	5196	10367	7
845	5194	10365	5
846	7	5200	10373
847	3	5196	10369
848	5193	10361	5
849	5198	10373	9
850	7	5198	10365
851	10374	6	5201
852	10365	3	5196
853	5196	10367	7
854	8	5200	10370
855	5192	10361	3
856	10371	7	5198
857	10365	5	5198
858	5190	10359	5
859	10361	5	5194
860	5202	10371	11
861	5	5202	10378
862	5	5198	10372
863	6	5207	10385
864	5196	10367	3
865	5194	10365	5
866	10	5198	10361
867	10374	8	5205
868	5198	10372	5
869	10365	5	5196
870	5194	10363	5
871	9	5200	10370
872	10367	3	5198
873	5196	10367	5
874	5196	10365	5
875	5	5196	10360
876	5185	10346	5
877	10354	11	5194
878	3	5188	10351
879	5	5195	10352
880	5194	10365	5
881	5202	10380	11
882	10376	9	5206
883	7	5200	10371
884	10368	8	5200
885	10369	7	5198
886	10374	6	5201
887	10367	5	5198
888	7	5204	10376
889	5196	10369	5
890	10367	7	5198
891	7	5200	10372
892	5192	10361	3
893	5198	10365	9
894	10367	9	5200
895	10367	5	5198
896	5202	10369	9
897	5196	10363	9
898	9	5198	10369
899	5194	10363	7
900	10358	3	5193
901	5192	10359	5
902	10363	7	5196
903	10367	7	5198
904	10365	3	5198
905	5193	10360	7
906	5196	10365	5
907	5203	10376	10
908	10370	5	5200
909	5200	10369	9
910	8	5198	10368
911	10369	3	5196
912	10370	5	5198
913	10372	7	5202
914	10378	7	5206
915	5198	10371	5
916	7	5202	10372
917	7	5200	10370
918	10376	8	5201
919	10363	10	5198
920	5192	10363	6
921	10363	3	5196
922	8	5200	10370
923	6	5198	10370
924	5189	10350	9
925	7	5198	10367
926	10364	6	5196
927	10365	3	5196
928	5196	10361	5
929	9	5200	10370
930	10372	5	5205
931	7	5197	10365
932	3	5194	10361
933	10363	6	5196
934	5	5195	10363
935	5196	10363	7
936	5196	10359	7
937	10359	5	5194
938	5199	10368	4
939	10365	11	5202
940	10363	7	5196
941	5196	10363	7
942	10360	7	5197
943	5186	10340	5
944	5	5185	10346
945	10339	5	5183
946	10359	4	5201
947	3	5185	10346
948	10342	3	5187
949	5	5185	10344
950	5	5185	10342
951	10344	5	5189
952	5183	10339	5
953	3	5192	10361
954	10363	9	5198
955	10367	5	5198
956	8	5194	10363
957	10361	8	5194
958	9	5202	10371
959	7	5198	10367
960	10375	11	5202
961	5192	10359	3
962	3	5193	10359
963	5192	10359	3
964	3	5194	10363
965	10367	7	5198
966	10360	7	5197
967	3	5198	10371
968	7	5198	10365
969	5192	10365	6
970	5198	10366	10
971	3	5200	10368
972	5200	10369	11
973	5	5196	10370
974	5	5193	10361
975	10368	7	5198
976	10361	5	5194
977	8	5198	10367
978	3	5196	10365
979	5198	10365	11
980	10365	5	5198
981	5	5200	10372
982	10365	7	5198
983	5199	10368	10
984	8	5200	10366
985	5198	10372	9
986	7	5197	10367
987	10348	9	5192
988	5185	10350	7
989	5194	10363	7
990	4	5201	10370
991	7	5204	10382
992	5	5202	10374
993	10380	7	5206
994	5196	10367	5
995	8	5205	10378
996	5196	10370	3
997	5	5198	10371
998	10363	9	5202
999	5196	10373	5

